08131214415
08132080644
08138050564
08135629816
08131409387
08134518153
08136111265
08135135894
08137269376
08135819821
08139306432
08132288563
08132145909
08135808295
08137940828
08135973922
08137058184
08132819523
08139745263
08139254489
08138645971
08134189667
08131127020
08131541039
08137448936
08134639389
08132978282
08135736222
08136558928
08134359514
08132272966
08139690062
08138702945
08137711443
08135293746
08138113028
08135672071
08132659812
08134414436
08137199437
08132567276
08134907549
08133093343
08137811934
08132811883
08132856840
08132627265
08137719532
08138940034
08135133171
